avg_token_len: 80.89958158995816
bleu: 12.777434587859894
meteor: 0.36575292437027224
rouge: {'rouge1': 0.41120923656241604, 'rouge2': 0.20278782215229058, 'rougeL': 0.30059637038601683, 'rougeLsum': 0.3005683615792243}
cs: 77.5
bertscore: 0.4953783828843089
ppl: 9.110415293754135
bartscore: -2.9062650842147892