avg_token_len: 58.231799163179915
bleu: 16.656294377238655
meteor: 0.3223667699715402
rouge: {'rouge1': 0.39859816164322515, 'rouge2': 0.20988406451098301, 'rougeL': 0.3144551928697674, 'rougeLsum': 0.3144487311535129}
cs: 71.18
bertscore: 0.4803415801921649
ppl: 8.38171958790657
bartscore: -3.021514106594868