avg_token_len: 56.61171548117155
bleu: 16.17234962693584
meteor: 0.3165281313548518
rouge: {'rouge1': 0.39839611969623634, 'rouge2': 0.20864557219688637, 'rougeL': 0.3140036090800532, 'rougeLsum': 0.3139400907013158}
cs: 69.38
bertscore: 0.48109770137894603
ppl: 8.929980960217263
bartscore: -3.04691304442274