avg_token_len: 44.63682008368201
bleu: 14.348043095636932
meteor: 0.28832642376307444
rouge: {'rouge1': 0.38316691334420994, 'rouge2': 0.1996727051624246, 'rougeL': 0.30840496467120293, 'rougeLsum': 0.3082153529073701}
cs: 63.98
bertscore: 0.46931640393564394
ppl: 8.763078296521565
bartscore: -3.139036216396667